my_seed_mult = 96971
n_max = 49
e_size = 20
gamma_fixed = False
kappa_default = 3.0
mu_NSL = 3.0
n_obs = 2451
 kappa_default 3iter 0, 1) rnd: -1.090373864581171
iter 0, rnd: -0.1395627234477605
