my_seed_mult = 225996
n_max = 49
e_size = 20
gamma_fixed = False
kappa_default = 2.0
mu_NSL = 5
n_obs = 2451
 mu_NSL 5iter 0, 1) rnd: 0.6868641173921627
iter 0, rnd: -0.3638726637188367
