my_seed_mult = 85610
n_max = 49
e_size = 10
gamma_fixed = False
kappa_default = 2.0
mu_NSL = 3.0
n_obs = 2451
 e_size 10iter 0, 1) rnd: 0.7535699055870477
iter 0, rnd: -0.4761463460383934
