my_seed_mult = 297242
n_max = 49
e_size = 5
gamma_fixed = False
kappa_default = 2.0
mu_NSL = 3.0
n_obs = 2451
 e_size 5iter 0, 1) rnd: 0.24838760508316893
iter 0, rnd: 0.10029183751183013
