my_seed_mult = 215246
n_max = 49
e_size = 80
gamma_fixed = False
kappa_default = 2.0
mu_NSL = 3.0
n_obs = 2451
 e_size 80iter 0, 1) rnd: -0.4801829702044077
iter 0, rnd: -0.7520424720741744
