my_seed_mult = 313048
n_max = 49
e_size = 40
gamma_fixed = False
kappa_default = 2.0
mu_NSL = 3.0
n_obs = 2451
 e_size 40iter 0, 1) rnd: 0.19859441172082026
iter 0, rnd: -0.36290747315599725
