my_seed_mult = 323386
n_max = 49
e_size = 20
gamma_fixed = False
kappa_default = 2.0
mu_NSL = 2
n_obs = 2451
 mu_NSL 2iter 0, 1) rnd: -0.2869049051528215
iter 0, rnd: 1.035117202973413
