my_seed_mult = 7090
n_max = 49
e_size = 20
gamma_fixed = False
kappa_default = 2.0
mu_NSL = 1
n_obs = 2451
 mu_NSL 1iter 0, 1) rnd: -0.28850246717075273
iter 0, rnd: 0.6378252427095765
