my_seed_mult = 231555
n_max = 49
e_size = 5
gamma_fixed = False
kappa_default = 2.0
mu_NSL = 3.0
n_obs = 2451
 e_size 5iter 0, 1) rnd: -1.4099625932070858
iter 0, rnd: -0.6508659163040522
