my_seed_mult = 316621
n_max = 49
e_size = 20
gamma_fixed = False
kappa_default = 2.0
mu_NSL = 10
n_obs = 2451
 mu_NSL 10iter 0, 1) rnd: 1.4837425437074307
iter 0, rnd: -0.533659915863853
