my_seed_mult = 147084
n_max = 49
e_size = 80
gamma_fixed = False
kappa_default = 2.0
mu_NSL = 3.0
n_obs = 2451
 e_size 80iter 0, 1) rnd: -1.579667158717895
iter 0, rnd: -0.18143761564066854
