my_seed_mult = 343077
n_max = 49
e_size = 20
gamma_fixed = False
kappa_default = 2.0
mu_NSL = 1
n_obs = 2451
 mu_NSL 1iter 0, 1) rnd: 2.1478030668151056
iter 0, rnd: 0.9880151969055918
