my_seed_mult = 47464
n_max = 49
e_size = 20
gamma_fixed = False
kappa_default = 1.0
mu_NSL = 3.0
n_obs = 2451
 kappa_default 1iter 0, 1) rnd: 1.3201882182139577
iter 0, rnd: -0.9501215132006676
