my_seed_mult = 20952
n_max = 49
e_size = 5
gamma_fixed = False
kappa_default = 2.0
mu_NSL = 3.0
n_obs = 2451
 e_size 5iter 0, 1) rnd: -0.1563646804145611
iter 0, rnd: -0.6148292603980683
