my_seed_mult = 384139
n_max = 49
e_size = 80
gamma_fixed = False
kappa_default = 2.0
mu_NSL = 3.0
n_obs = 2451
 e_size 80iter 0, 1) rnd: -0.4207587837733049
iter 0, rnd: -0.4889402016149812
