my_seed_mult = 110545
n_max = 49
e_size = 20
gamma_fixed = False
kappa_default = 2.0
mu_NSL = 3.0
n_obs = 2451
 kappa_default 2iter 0, 1) rnd: 0.08231252995910825
iter 0, rnd: 0.13045062357306939
