my_seed_mult = 248458
n_max = 49
e_size = 20
gamma_fixed = False
kappa_default = 2.0
mu_NSL = 3.0
n_obs = 2451
 kappa_default 2iter 0, 1) rnd: -0.01272628200460918
iter 0, rnd: -0.16341572397838633
