my_seed_mult = 60784
n_max = 49
e_size = 20
gamma_fixed = False
kappa_default = 2.0
mu_NSL = 3.0
n_obs = 2451
 e_size 20iter 0, 1) rnd: 1.33533932312106
iter 0, rnd: -1.328315731221828
