my_seed_mult = 219456
n_max = 49
e_size = 20
gamma_fixed = False
kappa_default = 2.0
mu_NSL = 3.0
n_obs = 2451
 n_max 49iter 0, 1) rnd: 0.46174292545890394
iter 0, rnd: 1.2521267936411615
