my_seed_mult = 203758
n_max = 49
e_size = 20
gamma_fixed = False
kappa_default = 2.0
mu_NSL = 3.0
n_obs = 2451
 kappa_default 2iter 0, 1) rnd: 0.9378765111098492
iter 0, rnd: -0.41521262857417945
