my_seed_mult = 384139
n_max = 49
e_size = 5
gamma_fixed = False
kappa_default = 2.0
mu_NSL = 3.0
n_obs = 2451
 e_size 5iter 0, 1) rnd: 0.2388248295491085
iter 0, rnd: -0.4889402016149812
