my_seed_mult = 96971
n_max = 49
e_size = 5
gamma_fixed = False
kappa_default = 2.0
mu_NSL = 3.0
n_obs = 2451
 e_size 5iter 0, 1) rnd: 1.0466926590723358
iter 0, rnd: -0.1395627234477605
