my_seed_mult = 413546
n_max = 49
e_size = 20
gamma_fixed = False
kappa_default = 1.5
mu_NSL = 3.0
n_obs = 2451
 kappa_default 1.5iter 0, 1) rnd: 1.3629952541112613
iter 0, rnd: -0.5100531846114321
