my_seed_mult = 237216
n_max = 49
e_size = 20
gamma_fixed = False
kappa_default = 2.0
mu_NSL = 3.0
n_obs = 2451
 n_max 49iter 0, 1) rnd: -0.6334097059392846
iter 0, rnd: -0.9456761506769245
