my_seed_mult = 243019
n_max = 49
e_size = 10
gamma_fixed = False
kappa_default = 2.0
mu_NSL = 3.0
n_obs = 2451
 e_size 10iter 0, 1) rnd: 1.0246492153796682
iter 0, rnd: 0.3137449598947091
