my_seed_mult = 343444
n_max = 49
e_size = 80
gamma_fixed = False
kappa_default = 2.0
mu_NSL = 3.0
n_obs = 2451
 e_size 80iter 0, 1) rnd: -0.15365843633981516
iter 0, rnd: -0.2286238812181966
