my_seed_mult = 93559
n_max = 49
e_size = 5
gamma_fixed = False
kappa_default = 2.0
mu_NSL = 3.0
n_obs = 2451
 e_size 5iter 0, 1) rnd: 0.013839647695204186
iter 0, rnd: 2.587329221912527
