my_seed_mult = 160197
n_max = 49
e_size = 20
gamma_fixed = False
kappa_default = 3.0
mu_NSL = 3.0
n_obs = 2451
 kappa_default 3iter 0, 1) rnd: 0.581954495137697
iter 0, rnd: 0.5981923854412046
