my_seed_mult = 351841
n_max = 49
e_size = 20
gamma_fixed = False
kappa_default = 4.0
mu_NSL = 3.0
n_obs = 2451
 kappa_default 4iter 0, 1) rnd: 0.8467326631358596
iter 0, rnd: 1.3724006612640416
