my_seed_mult = 95033
n_max = 49
e_size = 20
gamma_fixed = False
kappa_default = 2.0
mu_NSL = 1
n_obs = 2451
 mu_NSL 1iter 0, 1) rnd: -0.6356505355601993
iter 0, rnd: 1.43470675071141
