my_seed_mult = 146518
n_max = 49
e_size = 80
gamma_fixed = False
kappa_default = 2.0
mu_NSL = 3.0
n_obs = 2451
 e_size 80iter 0, 1) rnd: -0.3048462720865316
iter 0, rnd: -1.3134216716458817
