my_seed_mult = 333975
n_max = 49
e_size = 20
gamma_fixed = False
kappa_default = 4.0
mu_NSL = 3.0
n_obs = 2451
 kappa_default 4iter 0, 1) rnd: -0.740905125608349
iter 0, rnd: -0.43013412585100497
