my_seed_mult = 313506
n_max = 49
e_size = 5
gamma_fixed = False
kappa_default = 2.0
mu_NSL = 3.0
n_obs = 2451
 e_size 5iter 0, 1) rnd: -2.688208423453687
iter 0, rnd: 0.8996009296982953
