my_seed_mult = 6756
n_max = 49
e_size = 40
gamma_fixed = False
kappa_default = 2.0
mu_NSL = 3.0
n_obs = 2451
 e_size 40iter 0, 1) rnd: -0.10391304053240452
iter 0, rnd: -0.41559299028069924
