my_seed_mult = 100796
n_max = 49
e_size = 20
gamma_fixed = False
kappa_default = 2.0
mu_NSL = 10
n_obs = 2451
 mu_NSL 10iter 0, 1) rnd: -1.0089189481029994
iter 0, rnd: -0.7432910014949434
