my_seed_mult = 54286
n_max = 49
e_size = 20
gamma_fixed = False
kappa_default = 2.0
mu_NSL = 3.0
n_obs = 2451
 e_size 20iter 0, 1) rnd: 1.4174249151468818
iter 0, rnd: -0.24793826844189554
