my_seed_mult = 210737
n_max = 49
e_size = 20
gamma_fixed = False
kappa_default = 2.0
mu_NSL = 1
n_obs = 2451
 mu_NSL 1iter 0, 1) rnd: -1.3328722116769287
iter 0, rnd: -0.8071063300929769
