my_seed_mult = 343077
n_max = 49
e_size = 20
gamma_fixed = False
kappa_default = 4.0
mu_NSL = 3.0
n_obs = 2451
 kappa_default 4iter 0, 1) rnd: 2.1478030668151056
iter 0, rnd: 0.9880151969055918
