my_seed_mult = 45422
n_max = 49
e_size = 20
gamma_fixed = False
kappa_default = 4.0
mu_NSL = 3.0
n_obs = 2451
 kappa_default 4iter 0, 1) rnd: 1.1206060654107226
iter 0, rnd: -0.4701265491168154
