my_seed_mult = 314200
n_max = 49
e_size = 20
gamma_fixed = False
kappa_default = 2.0
mu_NSL = 10
n_obs = 2451
 mu_NSL 10iter 0, 1) rnd: 0.2620211021218191
iter 0, rnd: -0.026189313885785638
