my_seed_mult = 231558
n_max = 49
e_size = 20
gamma_fixed = False
kappa_default = 4.0
mu_NSL = 3.0
n_obs = 2451
 kappa_default 4iter 0, 1) rnd: 1.5081009863055121
iter 0, rnd: -0.5429688202282609
