my_seed_mult = 147084
n_max = 49
e_size = 20
gamma_fixed = False
kappa_default = 2.0
mu_NSL = 2
n_obs = 2451
 mu_NSL 2iter 0, 1) rnd: 0.22486065502996255
iter 0, rnd: -0.18143761564066854
