my_seed_mult = 236236
n_max = 49
e_size = 10
gamma_fixed = False
kappa_default = 2.0
mu_NSL = 3.0
n_obs = 2451
 e_size 10iter 0, 1) rnd: 0.4723638210497093
iter 0, rnd: -0.12188068384305732
