my_seed_mult = 329937
n_max = 49
e_size = 20
gamma_fixed = False
kappa_default = 2.0
mu_NSL = 3.0
n_obs = 2451
 n_max 49iter 0, 1) rnd: 0.013744012144433207
iter 0, rnd: 0.6739840240990639
