my_seed_mult = 277385
n_max = 49
e_size = 20
gamma_fixed = False
kappa_default = 1.0
mu_NSL = 3.0
n_obs = 2451
 kappa_default 1iter 0, 1) rnd: -0.3180547181149116
iter 0, rnd: -0.9878294492525014
