my_seed_mult = 100796
n_max = 49
e_size = 20
gamma_fixed = False
kappa_default = 1.5
mu_NSL = 3.0
n_obs = 2451
 kappa_default 1.5iter 0, 1) rnd: -1.0089189481029994
iter 0, rnd: -0.7432910014949434
