my_seed_mult = 223439
n_max = 49
e_size = 40
gamma_fixed = False
kappa_default = 2.0
mu_NSL = 3.0
n_obs = 2451
 e_size 40iter 0, 1) rnd: -0.7264058968932475
iter 0, rnd: -0.40338801791435325
