my_seed_mult = 141334
n_max = 49
e_size = 20
gamma_fixed = False
kappa_default = 2.0
mu_NSL = 3.0
n_obs = 2451
 e_size 20iter 0, 1) rnd: -0.16216641367674717
iter 0, rnd: 0.22570964557433473
