my_seed_mult = 22242
n_max = 49
e_size = 5
gamma_fixed = False
kappa_default = 2.0
mu_NSL = 3.0
n_obs = 2451
 e_size 5iter 0, 1) rnd: -2.14623295194661
iter 0, rnd: 1.53045305452007
