my_seed_mult = 365581
n_max = 49
e_size = 40
gamma_fixed = False
kappa_default = 2.0
mu_NSL = 3.0
n_obs = 2451
 e_size 40iter 0, 1) rnd: 0.9966526816006579
iter 0, rnd: 0.048236546889943395
