my_seed_mult = 36054
n_max = 49
e_size = 20
gamma_fixed = False
kappa_default = 2.0
mu_NSL = 1
n_obs = 2451
 mu_NSL 1iter 0, 1) rnd: -0.8017592045908135
iter 0, rnd: -0.11054119204503081
