my_seed_mult = 276131
n_max = 49
e_size = 20
gamma_fixed = False
kappa_default = 2.0
mu_NSL = 3.0
n_obs = 2451
 n_max 49iter 0, 1) rnd: 0.4824917012308781
iter 0, rnd: 0.4722053751955279
