my_seed_mult = 348288
n_max = 49
e_size = 10
gamma_fixed = False
kappa_default = 2.0
mu_NSL = 3.0
n_obs = 2451
 e_size 10iter 0, 1) rnd: 1.599739433351048
iter 0, rnd: -0.3967620275271017
