my_seed_mult = 5757
n_max = 19
e_size = 20
gamma_fixed = False
kappa_default = 2.0
mu_NSL = 3.0
n_obs = 381
iter 0, 1) rnd: 0.28248727012325425
iter 0, rnd: 0.6352829882875869
