my_seed_mult = 36054
n_max = 49
e_size = 40
gamma_fixed = False
kappa_default = 2.0
mu_NSL = 3.0
n_obs = 2451
 e_size 40iter 0, 1) rnd: -0.3900714122384315
iter 0, rnd: -0.11054119204503081
